25
27
57007
3899
27125
238
466
53335
596
602
604
607
673
8019
23476
595
894
896
972
1021
1385
64764
64109
23373
1499
1649
1655
1656
7913
2005
2064
2078
2115
2118
2119
2130
2213
83417
54738
2260
2263
2261
2313
27086
10272
23462
3092
3131
3159
8091
3181
3209
3227
3229
3237
3239
3717
7994
5927
4297
3932
4004
4005
4026
4066
4094
9935
10892
84441
2122
8028
4301
4330
124540
4515
4602
4609
10499
4773
4869
8013
4916
4928
256646
10215
286530
5077
5087
80380
5155
5156
5159
5292
5324
5335
5450
5460
63976
11168
5894
5910
5914
5979
6098
84870
6418
26040
6455
27044
6428
6756
6757
6759
6778
6491
6850
8148
6886
6887
6934
8115
7030
7942
3195
30012
608
5987
9098
7468
54904
25937
25925