92
139285
324
57492
196528
171023
472
492
545
546
8312
8313
567
8314
580
581
641
672
675
83990
701
841
868
79577
999
51755
1027
1029
1031
1050
11200
4849
10664
1540
1654
23405
1785
1788
29102
2068
2071
2072
2073
55500
2132
54855
2175
2176
2177
2178
2188
2189
355
2195
79633
80204
55294
2271
201163
2903
6927
8242
9817
1316
58508
53353
8216
4149
9968
4221
4292
4436
2956
4595
4683
9611
9612
4771
4794
79728
55193
84295
8929
5295
5395
5424
5426
25913
5518
5537
639
5551
5727
5728
5783
5787
5788
11122
5925
8241
54894
6134
6125
51119
6389
54949
6390
6391
6392
29072
6424
10019
4087
4088
4089
6597
6598
6602
6605
8651
23013
8405
10735
6794
51684
54790
7048
55654
7128
8764
84231
7248
7249
51366
7428
7486
7507
7508
463
8233